D:\VFX\hw2\scene_16_new-20220505T102520Z-001\scene_16_new\DSC01569.jpg
7008 4672

8 0 2335.5 
0 8 3503.5 
0 0 1 

0.999509 -0.000670136 0.0313284 
0.000669816 1 2.1162e-005 
-0.0313284 -1.85158e-008 0.999509 

1557.08

D:\VFX\hw2\scene_16_new-20220505T102520Z-001\scene_16_new\DSC01570.jpg
7008 4672

8 0 2335.5 
0 8 3503.5 
0 0 1 

0.999544 0.00685244 0.0294148 
0.00413131 0.933747 -0.357911 
-0.0299185 0.357869 0.933292 

1553.37

D:\VFX\hw2\scene_16_new-20220505T102520Z-001\scene_16_new\DSC01571.jpg
7008 4672

8 0 2335.5 
0 8 3503.5 
0 0 1 

0.998738 0.0406748 0.029469 
-0.00875126 0.718644 -0.695324 
-0.0494599 0.694188 0.718092 

1550.38

D:\VFX\hw2\scene_16_new-20220505T102520Z-001\scene_16_new\DSC01572.jpg
7008 4672

8 0 2335.5 
0 8 3503.5 
0 0 1 

0.998142 0.0583656 0.0175155 
-0.00845905 0.417364 -0.9087 
-0.0603471 0.906863 0.417082 

1547.3

D:\VFX\hw2\scene_16_new-20220505T102520Z-001\scene_16_new\DSC01573.jpg
7008 4672

8 0 2335.5 
0 8 3503.5 
0 0 1 

0.997564 0.0694723 0.00628528 
-0.00396609 0.146445 -0.989211 
-0.0696432 0.986776 0.146364 

1543.35

D:\VFX\hw2\scene_16_new-20220505T102520Z-001\scene_16_new\DSC01574.jpg
7008 4672

8 0 2335.5 
0 8 3503.5 
0 0 1 

0.996942 0.0771114 -0.0126947 
0.00223006 -0.190446 -0.981695 
-0.0781176 0.978664 -0.190036 

1539.71

D:\VFX\hw2\scene_16_new-20220505T102520Z-001\scene_16_new\DSC01575.jpg
7008 4672

8 0 2335.5 
0 8 3503.5 
0 0 1 

0.995708 0.0804647 -0.045719 
0.0099953 -0.584625 -0.811242 
-0.0920048 0.807304 -0.58292 

1537.78

D:\VFX\hw2\scene_16_new-20220505T102520Z-001\scene_16_new\DSC01576.jpg
7008 4672

8 0 2335.5 
0 8 3503.5 
0 0 1 

0.995229 0.0719581 -0.0658885 
0.0246367 -0.838779 -0.543915 
-0.0944049 0.539697 -0.836549 

1537.31

D:\VFX\hw2\scene_16_new-20220505T102520Z-001\scene_16_new\DSC01568.jpg
7008 4672

8 0 2335.5 
0 8 3503.5 
0 0 1 

0.999087 -0.03866 0.0181539 
0.0336673 0.974414 0.222227 
-0.0262807 -0.221413 0.974826 

1558.75

